1.000000000000000000e+00
9.855957031250000000e-01
9.482421875000000000e-01
8.825683593750000000e-01
8.129882812500000000e-01
7.111816406250000000e-01
6.125488281250000000e-01
5.183105468750000000e-01
3.916015625000000000e-01
3.010253906250000000e-01
1.904296875000000000e-01
1.101074218750000000e-01
-3.417968750000000000e-03
-6.250000000000000000e-02
-1.257324218750000000e-01
-2.216796875000000000e-01
-2.363281250000000000e-01
-2.783203125000000000e-01
-3.166503906250000000e-01
-3.100585937500000000e-01
-3.181152343750000000e-01
-3.210449218750000000e-01
-3.049316406250000000e-01
-2.839355468750000000e-01
-3.015136718750000000e-01
-2.868652343750000000e-01
-2.768554687500000000e-01
-2.656250000000000000e-01
-2.407226562500000000e-01
-2.551269531250000000e-01
-2.050781250000000000e-01
