1.000000000000000000e+00
9.860839843750000000e-01
9.465332031250000000e-01
8.842773437500000000e-01
8.034667968750000000e-01
7.036132812500000000e-01
5.756835937500000000e-01
4.509277343750000000e-01
3.190917968750000000e-01
1.835937500000000000e-01
4.467773437500000000e-02
-7.983398437500000000e-02
-1.926269531250000000e-01
-2.961425781250000000e-01
-3.728027343750000000e-01
-4.492187500000000000e-01
-4.868164062500000000e-01
-5.083007812500000000e-01
-5.424804687500000000e-01
-5.268554687500000000e-01
-5.068359375000000000e-01
-4.826660156250000000e-01
-4.143066406250000000e-01
-3.745117187500000000e-01
-3.310546875000000000e-01
-2.861328125000000000e-01
-2.316894531250000000e-01
-1.762695312500000000e-01
-1.394042968750000000e-01
-1.254882812500000000e-01
-8.911132812500000000e-02
