1.000000000000000000e+00
1.000000000000000000e+00
9.985351562500000000e-01
9.946289062500000000e-01
9.821777343750000000e-01
9.672851562500000000e-01
9.265136718750000000e-01
8.859863281250000000e-01
8.054199218750000000e-01
7.346191406250000000e-01
6.508789062500000000e-01
5.593261718750000000e-01
4.672851562500000000e-01
3.713378906250000000e-01
3.215332031250000000e-01
2.822265625000000000e-01
2.399902343750000000e-01
2.236328125000000000e-01
2.473144531250000000e-01
2.775878906250000000e-01
3.229980468750000000e-01
3.208007812500000000e-01
3.444824218750000000e-01
3.491210937500000000e-01
3.283691406250000000e-01
2.915039062500000000e-01
1.926269531250000000e-01
8.203125000000000000e-02
-3.076171875000000000e-02
-1.489257812500000000e-01
-2.656250000000000000e-01
-3.996582031250000000e-01
-5.205078125000000000e-01
-6.215820312500000000e-01
-6.635742187500000000e-01
-7.192382812500000000e-01
-7.360839843750000000e-01
-7.653808593750000000e-01
-7.819824218750000000e-01
-7.541503906250000000e-01
-7.587890625000000000e-01
-7.712402343750000000e-01
-7.736816406250000000e-01
-7.941894531250000000e-01
-7.995605468750000000e-01
-8.100585937500000000e-01
-8.173828125000000000e-01
-8.173828125000000000e-01
-8.164062500000000000e-01
-7.971191406250000000e-01
