1.000000000000000000e+00
9.750976562500000000e-01
9.157714843750000000e-01
7.998046875000000000e-01
6.728515625000000000e-01
5.241699218750000000e-01
4.013671875000000000e-01
2.319335937500000000e-01
1.760253906250000000e-01
4.980468750000000000e-02
1.489257812500000000e-02
-2.343750000000000000e-02
1.147460937500000000e-02
5.590820312500000000e-02
5.664062500000000000e-02
1.064453125000000000e-01
1.308593750000000000e-01
1.633300781250000000e-01
1.513671875000000000e-01
1.564941406250000000e-01
1.325683593750000000e-01
1.289062500000000000e-01
1.174316406250000000e-01
1.171875000000000000e-01
9.350585937500000000e-02
1.005859375000000000e-01
1.108398437500000000e-01
1.315917968750000000e-01
1.308593750000000000e-01
1.142578125000000000e-01
8.740234375000000000e-02
5.200195312500000000e-02
-5.493164062500000000e-02
-1.489257812500000000e-01
-2.807617187500000000e-01
-4.167480468750000000e-01
-5.480957031250000000e-01
-6.660156250000000000e-01
-7.490234375000000000e-01
-8.032226562500000000e-01
-8.256835937500000000e-01
-7.954101562500000000e-01
-7.343750000000000000e-01
-6.359863281250000000e-01
-4.990234375000000000e-01
-3.366699218750000000e-01
-1.940917968750000000e-01
-8.740234375000000000e-02
1.171875000000000000e-02
7.421875000000000000e-02
