1.000000000000000000e+00
1.000000000000000000e+00
9.997558593750000000e-01
9.992675781250000000e-01
9.985351562500000000e-01
9.978027343750000000e-01
9.938964843750000000e-01
9.912109375000000000e-01
9.821777343750000000e-01
9.636230468750000000e-01
9.301757812500000000e-01
9.055175781250000000e-01
8.498535156250000000e-01
7.658691406250000000e-01
7.031250000000000000e-01
5.593261718750000000e-01
4.699707031250000000e-01
3.505859375000000000e-01
1.828613281250000000e-01
3.002929687500000000e-02
-1.376953125000000000e-01
-2.751464843750000000e-01
-4.416503906250000000e-01
-5.649414062500000000e-01
-6.682128906250000000e-01
-7.734375000000000000e-01
-8.303222656250000000e-01
-8.837890625000000000e-01
-9.008789062500000000e-01
-9.160156250000000000e-01
-9.228515625000000000e-01
-9.143066406250000000e-01
-8.994140625000000000e-01
-8.740234375000000000e-01
-8.684082031250000000e-01
-8.464355468750000000e-01
-8.486328125000000000e-01
-8.225097656250000000e-01
-8.134765625000000000e-01
-8.210449218750000000e-01
-8.249511718750000000e-01
-8.203125000000000000e-01
-8.103027343750000000e-01
-8.051757812500000000e-01
-7.985839843750000000e-01
-7.844238281250000000e-01
-7.622070312500000000e-01
-7.346191406250000000e-01
-7.058105468750000000e-01
-6.677246093750000000e-01
