1.000000000000000000e+00
9.860839843750000000e-01
9.489746093750000000e-01
8.837890625000000000e-01
7.871093750000000000e-01
7.092285156250000000e-01
5.842285156250000000e-01
4.621582031250000000e-01
3.249511718750000000e-01
1.835937500000000000e-01
3.149414062500000000e-02
-7.836914062500000000e-02
-1.770019531250000000e-01
-3.024902343750000000e-01
-3.828125000000000000e-01
-4.729003906250000000e-01
-4.873046875000000000e-01
-5.332031250000000000e-01
-5.390625000000000000e-01
-5.351562500000000000e-01
-5.173339843750000000e-01
-4.731445312500000000e-01
-4.238281250000000000e-01
-3.886718750000000000e-01
-3.271484375000000000e-01
-2.893066406250000000e-01
-2.246093750000000000e-01
-1.752929687500000000e-01
-1.333007812500000000e-01
-1.044921875000000000e-01
-5.786132812500000000e-02
