1.000000000000000000e+00
9.863281250000000000e-01
9.238281250000000000e-01
8.652343750000000000e-01
8.125000000000000000e-01
7.285156250000000000e-01
5.585937500000000000e-01
4.062500000000000000e-01
2.402343750000000000e-01
1.386718750000000000e-01
1.953125000000000000e-03
-1.386718750000000000e-01
-3.105468750000000000e-01
-3.945312500000000000e-01
-4.414062500000000000e-01
-5.039062500000000000e-01
-5.839843750000000000e-01
-5.722656250000000000e-01
-6.132812500000000000e-01
-6.250000000000000000e-01
-5.156250000000000000e-01
