1.000000000000000000e+00
9.804687500000000000e-01
9.414062500000000000e-01
8.886718750000000000e-01
7.617187500000000000e-01
6.621093750000000000e-01
5.546875000000000000e-01
4.003906250000000000e-01
1.953125000000000000e-01
1.250000000000000000e-01
-4.687500000000000000e-02
-2.011718750000000000e-01
-2.617187500000000000e-01
-3.574218750000000000e-01
-4.257812500000000000e-01
-5.156250000000000000e-01
-5.761718750000000000e-01
-5.683593750000000000e-01
-6.132812500000000000e-01
-6.250000000000000000e-01
-5.136718750000000000e-01
