1.000000000000000000e+00
9.824218750000000000e-01
9.570312500000000000e-01
8.906250000000000000e-01
7.753906250000000000e-01
6.562500000000000000e-01
5.488281250000000000e-01
4.316406250000000000e-01
2.988281250000000000e-01
1.406250000000000000e-01
-6.250000000000000000e-02
-1.582031250000000000e-01
-3.027343750000000000e-01
-3.398437500000000000e-01
-4.648437500000000000e-01
-4.960937500000000000e-01
-5.683593750000000000e-01
-5.449218750000000000e-01
-5.917968750000000000e-01
-5.371093750000000000e-01
-5.742187500000000000e-01
