1.000000000000000000e+00
9.667968750000000000e-01
9.414062500000000000e-01
8.750000000000000000e-01
7.949218750000000000e-01
6.816406250000000000e-01
5.312500000000000000e-01
3.789062500000000000e-01
2.460937500000000000e-01
1.269531250000000000e-01
2.734375000000000000e-02
-1.503906250000000000e-01
-2.832031250000000000e-01
-3.847656250000000000e-01
-4.218750000000000000e-01
-5.468750000000000000e-01
-5.507812500000000000e-01
-5.410156250000000000e-01
-5.507812500000000000e-01
-5.664062500000000000e-01
-5.898437500000000000e-01
