1.000000000000000000e+00
9.843750000000000000e-01
9.335937500000000000e-01
8.847656250000000000e-01
7.617187500000000000e-01
6.953125000000000000e-01
5.527343750000000000e-01
4.121093750000000000e-01
2.539062500000000000e-01
9.179687500000000000e-02
-1.953125000000000000e-02
-1.660156250000000000e-01
-2.617187500000000000e-01
-3.652343750000000000e-01
-4.550781250000000000e-01
-5.078125000000000000e-01
-5.820312500000000000e-01
-5.585937500000000000e-01
-5.957031250000000000e-01
-5.703125000000000000e-01
-5.234375000000000000e-01
