1.000000000000000000e+00
9.902343750000000000e-01
9.492187500000000000e-01
8.437500000000000000e-01
8.085937500000000000e-01
6.171875000000000000e-01
5.175781250000000000e-01
4.179687500000000000e-01
2.871093750000000000e-01
1.171875000000000000e-01
1.953125000000000000e-03
-1.367187500000000000e-01
-2.968750000000000000e-01
-3.710937500000000000e-01
-4.511718750000000000e-01
-4.726562500000000000e-01
-5.839843750000000000e-01
-5.507812500000000000e-01
-5.957031250000000000e-01
-5.351562500000000000e-01
-5.644531250000000000e-01
