1.000000000000000000e+00
9.921875000000000000e-01
9.394531250000000000e-01
8.867187500000000000e-01
8.203125000000000000e-01
6.738281250000000000e-01
5.664062500000000000e-01
3.554687500000000000e-01
2.343750000000000000e-01
1.406250000000000000e-01
-9.765625000000000000e-03
-1.445312500000000000e-01
-2.734375000000000000e-01
-3.847656250000000000e-01
-3.808593750000000000e-01
-5.390625000000000000e-01
-5.273437500000000000e-01
-5.488281250000000000e-01
-5.527343750000000000e-01
-5.664062500000000000e-01
-5.781250000000000000e-01
