1.000000000000000000e+00
9.921875000000000000e-01
9.453125000000000000e-01
8.789062500000000000e-01
7.890625000000000000e-01
6.699218750000000000e-01
5.292968750000000000e-01
3.691406250000000000e-01
2.578125000000000000e-01
1.308593750000000000e-01
-2.148437500000000000e-02
-1.250000000000000000e-01
-2.519531250000000000e-01
-3.574218750000000000e-01
-4.550781250000000000e-01
-4.785156250000000000e-01
-5.898437500000000000e-01
-5.761718750000000000e-01
-5.976562500000000000e-01
-5.800781250000000000e-01
-5.351562500000000000e-01
